{
 "cells": [
  {
   "cell_type": "markdown",
   "id": "f88c95dc",
   "metadata": {},
   "source": [
    "# `geomSpoke()`"
   ]
  },
  {
   "cell_type": "code",
   "execution_count": 1,
   "id": "e0c1ea2b",
   "metadata": {},
   "outputs": [
    {
     "data": {
      "text/html": [
       "   <div id=\"LHBufS\"></div>\n",
       "   <script type=\"text/javascript\" data-lets-plot-script=\"library\">\n",
       "       if(!window.letsPlotCallQueue) {\n",
       "           window.letsPlotCallQueue = [];\n",
       "       }; \n",
       "       window.letsPlotCall = function(f) {\n",
       "           window.letsPlotCallQueue.push(f);\n",
       "       };\n",
       "       (function() {\n",
       "           var script = document.createElement(\"script\");\n",
       "           script.type = \"text/javascript\";\n",
       "           script.src = \"https://cdn.jsdelivr.net/gh/JetBrains/lets-plot@v4.2.0/js-package/distr/lets-plot.min.js\";\n",
       "           script.onload = function() {\n",
       "               window.letsPlotCall = function(f) {f();};\n",
       "               window.letsPlotCallQueue.forEach(function(f) {f();});\n",
       "               window.letsPlotCallQueue = [];\n",
       "               \n",
       "               \n",
       "           };\n",
       "           script.onerror = function(event) {\n",
       "               window.letsPlotCall = function(f) {};\n",
       "               window.letsPlotCallQueue = [];\n",
       "               var div = document.createElement(\"div\");\n",
       "               div.style.color = 'darkred';\n",
       "               div.textContent = 'Error loading Lets-Plot JS';\n",
       "               document.getElementById(\"LHBufS\").appendChild(div);\n",
       "           };\n",
       "           var e = document.getElementById(\"LHBufS\");\n",
       "           e.appendChild(script);\n",
       "       })();\n",
       "   </script>"
      ]
     },
     "metadata": {},
     "output_type": "display_data"
    }
   ],
   "source": [
    "%useLatestDescriptors\n",
    "%use lets-plot"
   ]
  },
  {
   "cell_type": "code",
   "execution_count": 2,
   "id": "fa88b440",
   "metadata": {},
   "outputs": [
    {
     "data": {
      "text/plain": [
       "Lets-Plot Kotlin API v.0.0.0-SNAPSHOT. Frontend: Notebook with dynamically loaded JS. Lets-Plot JS v.4.2.0."
      ]
     },
     "execution_count": 2,
     "metadata": {},
     "output_type": "execute_result"
    }
   ],
   "source": [
    "LetsPlot.getInfo()"
   ]
  },
  {
   "cell_type": "markdown",
   "id": "cabac0bc",
   "metadata": {},
   "source": [
    "#### 1. Basic Usage"
   ]
  },
  {
   "cell_type": "code",
   "execution_count": 3,
   "id": "73b9e20d",
   "metadata": {},
   "outputs": [],
   "source": [
    "fun getData(n: Int): Map<String, Any> {\n",
    "    val rand = java.util.Random()\n",
    "    val x = ArrayList<Double>()\n",
    "    val y = ArrayList<Double>()\n",
    "    val z = ArrayList<Double>()\n",
    "    val angle = ArrayList<Double>()\n",
    "    (-n..n).toList().forEach { row ->\n",
    "        (-n..n).toList().forEach { col ->\n",
    "            x.add(col.toDouble())\n",
    "            y.add(row.toDouble())\n",
    "            z.add(rand.nextGaussian())\n",
    "            angle.add(PI/2 - col*row*PI/4)\n",
    "        }\n",
    "    }\n",
    "    return mapOf(\n",
    "        \"x\" to x, \n",
    "        \"y\" to y, \n",
    "        \"z\" to z, \n",
    "        \"angle\" to angle\n",
    "    )\n",
    "}"
   ]
  },
  {
   "cell_type": "code",
   "execution_count": 4,
   "id": "737fa6af",
   "metadata": {},
   "outputs": [],
   "source": [
    "val data = getData(n = 10)"
   ]
  },
  {
   "cell_type": "code",
   "execution_count": 5,
   "id": "551bd595",
   "metadata": {},
   "outputs": [],
   "source": [
    "val p = letsPlot(data) { x = \"x\"; y = \"y\"  } + coordFixed()"
   ]
  },
  {
   "cell_type": "code",
   "execution_count": 6,
   "id": "54a0a66d",
   "metadata": {},
   "outputs": [
    {
     "data": {
      "text/html": [
       "   <div id=\"7HnYwh\"></div>\n",
       "   <script type=\"text/javascript\" data-lets-plot-script=\"plot\">\n",
       "       (function() {\n",
       "           var plotSpec={\n",
       "\"mapping\":{\n",
       "\"x\":\"x\",\n",
       "\"y\":\"y\"\n",
       "},\n",
       "\"coord\":{\n",
       "\"name\":\"fixed\",\n",
       "\"flip\":false\n",
       "},\n",
       "\"data\":{\n",
       "\"x\":[-10.0,-9.0,-8.0,-7.0,-6.0,-5.0,-4.0,-3.0,-2.0,-1.0,0.0,1.0,2.0,3.0,4.0,5.0,6.0,7.0,8.0,9.0,10.0,-10.0,-9.0,-8.0,-7.0,-6.0,-5.0,-4.0,-3.0,-2.0,-1.0,0.0,1.0,2.0,3.0,4.0,5.0,6.0,7.0,8.0,9.0,10.0,-10.0,-9.0,-8.0,-7.0,-6.0,-5.0,-4.0,-3.0,-2.0,-1.0,0.0,1.0,2.0,3.0,4.0,5.0,6.0,7.0,8.0,9.0,10.0,-10.0,-9.0,-8.0,-7.0,-6.0,-5.0,-4.0,-3.0,-2.0,-1.0,0.0,1.0,2.0,3.0,4.0,5.0,6.0,7.0,8.0,9.0,10.0,-10.0,-9.0,-8.0,-7.0,-6.0,-5.0,-4.0,-3.0,-2.0,-1.0,0.0,1.0,2.0,3.0,4.0,5.0,6.0,7.0,8.0,9.0,10.0,-10.0,-9.0,-8.0,-7.0,-6.0,-5.0,-4.0,-3.0,-2.0,-1.0,0.0,1.0,2.0,3.0,4.0,5.0,6.0,7.0,8.0,9.0,10.0,-10.0,-9.0,-8.0,-7.0,-6.0,-5.0,-4.0,-3.0,-2.0,-1.0,0.0,1.0,2.0,3.0,4.0,5.0,6.0,7.0,8.0,9.0,10.0,-10.0,-9.0,-8.0,-7.0,-6.0,-5.0,-4.0,-3.0,-2.0,-1.0,0.0,1.0,2.0,3.0,4.0,5.0,6.0,7.0,8.0,9.0,10.0,-10.0,-9.0,-8.0,-7.0,-6.0,-5.0,-4.0,-3.0,-2.0,-1.0,0.0,1.0,2.0,3.0,4.0,5.0,6.0,7.0,8.0,9.0,10.0,-10.0,-9.0,-8.0,-7.0,-6.0,-5.0,-4.0,-3.0,-2.0,-1.0,0.0,1.0,2.0,3.0,4.0,5.0,6.0,7.0,8.0,9.0,10.0,-10.0,-9.0,-8.0,-7.0,-6.0,-5.0,-4.0,-3.0,-2.0,-1.0,0.0,1.0,2.0,3.0,4.0,5.0,6.0,7.0,8.0,9.0,10.0,-10.0,-9.0,-8.0,-7.0,-6.0,-5.0,-4.0,-3.0,-2.0,-1.0,0.0,1.0,2.0,3.0,4.0,5.0,6.0,7.0,8.0,9.0,10.0,-10.0,-9.0,-8.0,-7.0,-6.0,-5.0,-4.0,-3.0,-2.0,-1.0,0.0,1.0,2.0,3.0,4.0,5.0,6.0,7.0,8.0,9.0,10.0,-10.0,-9.0,-8.0,-7.0,-6.0,-5.0,-4.0,-3.0,-2.0,-1.0,0.0,1.0,2.0,3.0,4.0,5.0,6.0,7.0,8.0,9.0,10.0,-10.0,-9.0,-8.0,-7.0,-6.0,-5.0,-4.0,-3.0,-2.0,-1.0,0.0,1.0,2.0,3.0,4.0,5.0,6.0,7.0,8.0,9.0,10.0,-10.0,-9.0,-8.0,-7.0,-6.0,-5.0,-4.0,-3.0,-2.0,-1.0,0.0,1.0,2.0,3.0,4.0,5.0,6.0,7.0,8.0,9.0,10.0,-10.0,-9.0,-8.0,-7.0,-6.0,-5.0,-4.0,-3.0,-2.0,-1.0,0.0,1.0,2.0,3.0,4.0,5.0,6.0,7.0,8.0,9.0,10.0,-10.0,-9.0,-8.0,-7.0,-6.0,-5.0,-4.0,-3.0,-2.0,-1.0,0.0,1.0,2.0,3.0,4.0,5.0,6.0,7.0,8.0,9.0,10.0,-10.0,-9.0,-8.0,-7.0,-6.0,-5.0,-4.0,-3.0,-2.0,-1.0,0.0,1.0,2.0,3.0,4.0,5.0,6.0,7.0,8.0,9.0,10.0,-10.0,-9.0,-8.0,-7.0,-6.0,-5.0,-4.0,-3.0,-2.0,-1.0,0.0,1.0,2.0,3.0,4.0,5.0,6.0,7.0,8.0,9.0,10.0,-10.0,-9.0,-8.0,-7.0,-6.0,-5.0,-4.0,-3.0,-2.0,-1.0,0.0,1.0,2.0,3.0,4.0,5.0,6.0,7.0,8.0,9.0,10.0],\n",
       "\"y\":[-10.0,-10.0,-10.0,-10.0,-10.0,-10.0,-10.0,-10.0,-10.0,-10.0,-10.0,-10.0,-10.0,-10.0,-10.0,-10.0,-10.0,-10.0,-10.0,-10.0,-10.0,-9.0,-9.0,-9.0,-9.0,-9.0,-9.0,-9.0,-9.0,-9.0,-9.0,-9.0,-9.0,-9.0,-9.0,-9.0,-9.0,-9.0,-9.0,-9.0,-9.0,-9.0,-8.0,-8.0,-8.0,-8.0,-8.0,-8.0,-8.0,-8.0,-8.0,-8.0,-8.0,-8.0,-8.0,-8.0,-8.0,-8.0,-8.0,-8.0,-8.0,-8.0,-8.0,-7.0,-7.0,-7.0,-7.0,-7.0,-7.0,-7.0,-7.0,-7.0,-7.0,-7.0,-7.0,-7.0,-7.0,-7.0,-7.0,-7.0,-7.0,-7.0,-7.0,-7.0,-6.0,-6.0,-6.0,-6.0,-6.0,-6.0,-6.0,-6.0,-6.0,-6.0,-6.0,-6.0,-6.0,-6.0,-6.0,-6.0,-6.0,-6.0,-6.0,-6.0,-6.0,-5.0,-5.0,-5.0,-5.0,-5.0,-5.0,-5.0,-5.0,-5.0,-5.0,-5.0,-5.0,-5.0,-5.0,-5.0,-5.0,-5.0,-5.0,-5.0,-5.0,-5.0,-4.0,-4.0,-4.0,-4.0,-4.0,-4.0,-4.0,-4.0,-4.0,-4.0,-4.0,-4.0,-4.0,-4.0,-4.0,-4.0,-4.0,-4.0,-4.0,-4.0,-4.0,-3.0,-3.0,-3.0,-3.0,-3.0,-3.0,-3.0,-3.0,-3.0,-3.0,-3.0,-3.0,-3.0,-3.0,-3.0,-3.0,-3.0,-3.0,-3.0,-3.0,-3.0,-2.0,-2.0,-2.0,-2.0,-2.0,-2.0,-2.0,-2.0,-2.0,-2.0,-2.0,-2.0,-2.0,-2.0,-2.0,-2.0,-2.0,-2.0,-2.0,-2.0,-2.0,-1.0,-1.0,-1.0,-1.0,-1.0,-1.0,-1.0,-1.0,-1.0,-1.0,-1.0,-1.0,-1.0,-1.0,-1.0,-1.0,-1.0,-1.0,-1.0,-1.0,-1.0,0.0,0.0,0.0,0.0,0.0,0.0,0.0,0.0,0.0,0.0,0.0,0.0,0.0,0.0,0.0,0.0,0.0,0.0,0.0,0.0,0.0,1.0,1.0,1.0,1.0,1.0,1.0,1.0,1.0,1.0,1.0,1.0,1.0,1.0,1.0,1.0,1.0,1.0,1.0,1.0,1.0,1.0,2.0,2.0,2.0,2.0,2.0,2.0,2.0,2.0,2.0,2.0,2.0,2.0,2.0,2.0,2.0,2.0,2.0,2.0,2.0,2.0,2.0,3.0,3.0,3.0,3.0,3.0,3.0,3.0,3.0,3.0,3.0,3.0,3.0,3.0,3.0,3.0,3.0,3.0,3.0,3.0,3.0,3.0,4.0,4.0,4.0,4.0,4.0,4.0,4.0,4.0,4.0,4.0,4.0,4.0,4.0,4.0,4.0,4.0,4.0,4.0,4.0,4.0,4.0,5.0,5.0,5.0,5.0,5.0,5.0,5.0,5.0,5.0,5.0,5.0,5.0,5.0,5.0,5.0,5.0,5.0,5.0,5.0,5.0,5.0,6.0,6.0,6.0,6.0,6.0,6.0,6.0,6.0,6.0,6.0,6.0,6.0,6.0,6.0,6.0,6.0,6.0,6.0,6.0,6.0,6.0,7.0,7.0,7.0,7.0,7.0,7.0,7.0,7.0,7.0,7.0,7.0,7.0,7.0,7.0,7.0,7.0,7.0,7.0,7.0,7.0,7.0,8.0,8.0,8.0,8.0,8.0,8.0,8.0,8.0,8.0,8.0,8.0,8.0,8.0,8.0,8.0,8.0,8.0,8.0,8.0,8.0,8.0,9.0,9.0,9.0,9.0,9.0,9.0,9.0,9.0,9.0,9.0,9.0,9.0,9.0,9.0,9.0,9.0,9.0,9.0,9.0,9.0,9.0,10.0,10.0,10.0,10.0,10.0,10.0,10.0,10.0,10.0,10.0,10.0,10.0,10.0,10.0,10.0,10.0,10.0,10.0,10.0,10.0,10.0],\n",
       "\"z\":[1.2551317806850089,-0.625819609085359,-0.8987615577260697,1.229968441980967,-0.8523777514032926,2.268365199283566,-0.218778327375245,-0.18014409717946747,-0.22083925136676788,-1.9519334265858888,0.39951790690980454,0.7529062829085963,0.07471987598158923,-0.6484395983351361,0.6159109942940629,0.21333479140778885,-1.9596423825029858,0.7411278113138984,0.09852333003615035,0.18099621323372608,0.3625710135286936,0.8051374531757884,-0.23665736403068666,1.9483964261447235,-1.0667366424329123,-0.2836167513022599,0.9762096416135526,-0.4445145745849756,1.0970077310504975,1.4959416341183858,-0.9857223921613895,0.12599322179730746,-0.7055358728326393,0.4314347374325512,-0.396167272910746,0.7654179221026876,1.369272416423882,-0.5823320270059738,0.08074245370546893,-0.478816867472532,-0.024614704323175144,0.4014764647585372,-1.6023618955866616,0.19482786726234191,0.4090167611824362,0.4954448695299816,0.36384774242723905,-1.74236869134881,0.347164946775255,-0.6814436379040393,-1.2552368830186573,0.10079113448730381,-0.794781166308543,1.859316508890808,1.6396437118278795,1.6125644503711463,0.007861990251676151,1.6401026796471618,0.1448964937829174,0.7169457964158191,-0.11082642733677832,0.4009724247399523,-1.5059806154823194,1.0682578137393737,-1.103794593310718,-0.47414956137057457,-2.1161013061449694,-0.8256826668203179,0.00569238655677494,-0.9916032858865913,0.5365775578773486,0.07750814960946315,0.9996200183311403,-0.7548937436044406,0.6836800961607933,-1.3056956153060246,-1.0986040565738169,0.7813923117319456,1.424318295846985,-0.9175786500840003,-0.6066744829481774,-1.1289562774891082,0.9370635935673345,-0.08631320563581898,1.8043578742802615,-1.3865454418164949,1.0270602947828344,0.4386771937293465,0.9365780398422557,-0.09776812882320748,-0.06936354589957225,0.9554180607632954,-0.3284140623924842,1.7286745207390661,-0.14947253478005507,0.6592614018845221,1.03269164035714,0.03743596275507728,-0.7688700187215388,1.5848555041577,-0.23603013008134383,1.232830029381129,1.4036462880359288,-1.1888464433485135,0.7008764490095475,-1.115870852734112,-0.02978975919210299,-0.1682987703733078,-0.15776524651743595,2.023038563710854,-0.5557070476019534,1.326773506976798,1.6694822418143351,-0.974990553488407,-1.5533629180395876,-0.5377650023123065,-0.015328721321072623,0.8933135420321027,1.3515026236262901,0.4888555113741577,-0.5667893615551068,-1.944810804799465,-0.5465347488884589,-0.6563935352954352,0.22951147154130455,-0.4522358815472661,0.3141211977959761,0.3380078752185468,0.5339759138005624,-1.3833253335602635,0.04793781160853617,1.0421433400702307,1.7083173078127163,-0.3242231128723354,-0.4444786661056169,1.194219925871254,-1.7064474831059318,-0.34657079106541355,-0.5154223110907642,1.9752344655075589,0.9596085711473814,-1.6400539695920557,-0.26237234587080577,1.7778294576428408,0.6162849431030424,0.3922981894672051,0.00887106557716809,0.18235374365966822,-1.3752765082002456,0.09491224846987183,-0.3843616881694257,0.6255988947083118,0.08427102240955345,-0.24287708143552542,0.533267359617994,-0.8521676761477783,0.06362438181449877,-0.04759660280535205,-1.2408406636900045,-0.6531994216793964,0.7865403358879766,-1.5370848941430721,-0.21017725994754966,-0.3810236891941407,-2.5277307538196143,-2.132529915587751,-0.42111102089500074,0.3837653441766789,1.1034581069273632,-0.030323739197412772,-1.3314122660063754,1.0578436367945219,-0.8342579408511859,-0.6771421604565611,1.3927673900215387,-0.15167166718217487,0.33996968650558124,-0.2597316859082637,1.4894615673659792,1.4572960562742534,0.5857875886457794,-0.4457200763239715,0.09275735458214747,-1.4219164945706513,-0.5535757137005591,1.4490659999735702,-0.3163954361443647,-0.6572155992084882,0.4547046373458499,0.0527131081536782,0.9929396185282147,-1.2134599371547865,-0.42842342266833017,-2.3809733638553428,0.6041664085265221,-0.8599459343565949,-0.4294181057045523,-0.9205453020980127,1.7072371725586803,-0.26610158887660734,-1.0711268908794227,-0.3533179447413407,1.2489634333273478,0.38637266825144584,0.38075890477989216,-0.7740708655497719,0.09256585408977451,-0.4542745242519,1.1986664640869193,-1.0172548876632244,0.14345055932557377,0.046752662442437164,0.42523815105609053,0.2947272945165714,-0.2655902057074403,1.11542059638903,0.8274989968654589,1.2156466296272588,1.4226631416655195,0.33875413231575124,2.550394586657123,-0.3601885788926436,0.4461122550446978,0.3099061914446113,0.8894188224527905,0.049356108014790075,0.42429047215813914,0.8982388121277026,0.30248051231438544,0.652950087190421,-2.3219016128631624,0.9210560947350311,-1.5868100634273714,0.42157332146714754,1.8825599346966646,-0.9165506975019176,1.618255477109643,-0.25724262846846857,-1.8562820881253659,0.5201893678589616,0.005579612974193949,1.8504009660908882,0.8908935620331635,0.21116618605022294,1.4458595279857946,0.2930212587401392,-1.8989481436958413,0.7989427862700818,-0.2047864383604882,0.2345341976538603,-0.025422714495891563,-1.1896324680909753,1.723977312494262,0.0030840846964866444,0.6628908294566722,0.16036239872605532,0.5932503939507542,-0.30280572096381064,1.4564001164104112,-1.5189412006847758,0.5339807236699715,0.8498564594635104,1.2394857703265671,-2.0630458971984207,1.2479805713624395,-0.7217691795600713,2.0832059623554064,-0.10401241578855311,-1.7869819054715295,0.5824171284534896,-0.5573154579952848,-1.149718634409685,-0.49051640097095917,-0.9208489488321255,0.32819734244148285,0.8433786228452184,0.6019479318865766,-0.11993279784803237,-0.7120053318274469,-0.7599167334896914,-0.04608615615339786,-0.9222924044180064,2.5657003911477303,0.417026755873237,1.3430636399018296,0.22026227183869002,0.680166253778495,0.3761985644686537,-0.852031532854516,-1.2683766583870482,-0.997394968269431,0.10506419413882026,-1.3459783003993464,-1.9823060827362369,-1.1973099111774816,-0.019946190033598474,0.9682657278945813,-0.032302742126794216,-0.1512063565504752,0.13191300671400383,-0.5355293556509464,-0.436857429432461,-0.5416852292662272,1.0482443783456679,1.1626888438823437,0.43428032460866756,-1.181861868850662,0.8402312793110989,1.164607728139608,-0.22825717074290763,-0.2607483096053859,-0.6487712722443696,0.8101975570596539,-0.957644096707262,-0.8764198664043197,-0.8791648658770445,0.6903793606199012,0.4549449592723632,-1.3059167264842284,1.0017788736069577,0.4468736545100204,-1.1724888917061373,-0.7660004194039391,0.5415278784914581,-0.6159449997814498,-0.8320784052800383,-0.6354462548291879,-1.703427759491688,-0.22117409840593114,1.0110537359129326,1.386544079705751,-1.7024310189334917,-2.162476850477571,-0.5037390629211645,-0.39304989901507825,-1.1151414623626161,-1.0460619539027034,0.8310702505894927,0.39921224379221587,-1.4585892691505153,-1.3999643401087225,-0.44325429569315034,-0.010346723292964826,-0.5768625169211495,-1.2890626170474555,1.610689151196013,-0.8977446211276832,-2.302369098443309,0.3274053564002691,0.2359736815938541,0.2610708683454804,-0.040634118654283465,0.0947818134071034,-1.8770637303969742,1.6870841267027437,0.28266793586047323,-0.906985873043022,0.0644713751659408,0.05389744442489795,0.6993997019775305,1.7408853871785737,-0.5902977187859044,1.3882345746061298,1.1685614991720625,-0.3456946988057379,1.336221175747312,-0.06776049274375757,-0.8414324398604031,-1.003069171475265,0.619696327333689,2.4803207596370065,0.20179776394387622,-0.28805018249736547,-0.4000215399300301,-2.0046685687361507,0.7282800196028844,-0.2830221202054539,-0.4080972553253202,0.04027205379145288,1.9231466537589392,-1.2640966008527772,0.4617456344414244,-1.4395880723133223,0.19596486975052518,1.1582036464896512,1.4069482119462586,-1.3644387815569736,0.7739051531478531,-0.4954983710926025,0.9991095220495072,-0.567643537191787,2.2670341398133513,0.2355411518190257,0.5200639553595623,0.6669759420038021,0.1722357229291284,0.3404926272846918,-0.7527588816435652,1.5570799610180985,-0.020369263997951546,1.4063260217688696,-1.0659292209740285,0.13141876691376214,-1.25771609405085,1.459022815614307,-0.9506061725580656,0.07928568586470311,1.0590127446219249,-0.6277937151062943,-0.6514758330560887,0.9563721534224623,-1.1967033361094834,1.4387911236744066,-0.39435231168995627,0.7272235231856651,-0.2940361876435285,1.7547944436091232,0.2678898183143273,0.9585120219345249,-0.5804790040726414,-0.476491482862217,0.8393922552684056,-0.5672070426281065,-0.4127553991099117,0.09431830051910206,0.26306521669426086,-0.23177735073481961,1.0299127229011944,-1.1470861004220556,1.2725549865251957,-0.9431219003308894,-0.0927894714237071,0.6479809187277534,-1.350320079201011,-0.1456733046300006,0.2082689541337702,-0.10583882761517555,-0.9311893095816154,-1.1024041759591396,-0.2813436848367529,1.6384359499338625]\n",
       "},\n",
       "\"kind\":\"plot\",\n",
       "\"scales\":[],\n",
       "\"layers\":[{\n",
       "\"mapping\":{\n",
       "\"fill\":\"z\"\n",
       "},\n",
       "\"stat\":\"identity\",\n",
       "\"position\":\"identity\",\n",
       "\"geom\":\"tile\",\n",
       "\"data\":{\n",
       "}\n",
       "}]\n",
       "};\n",
       "           var plotContainer = document.getElementById(\"7HnYwh\");\n",
       "           window.letsPlotCall(function() {{\n",
       "               LetsPlot.buildPlotFromProcessedSpecs(plotSpec, -1, -1, plotContainer);\n",
       "           }});\n",
       "       })();    \n",
       "   </script>"
      ]
     },
     "execution_count": 6,
     "metadata": {},
     "output_type": "execute_result"
    }
   ],
   "source": [
    "p + geomBin2D(stat = Stat.identity) { fill = \"z\" }"
   ]
  },
  {
   "cell_type": "code",
   "execution_count": 7,
   "id": "58ae9962",
   "metadata": {},
   "outputs": [
    {
     "data": {
      "text/html": [
       "   <div id=\"SisA4n\"></div>\n",
       "   <script type=\"text/javascript\" data-lets-plot-script=\"plot\">\n",
       "       (function() {\n",
       "           var plotSpec={\n",
       "\"mapping\":{\n",
       "\"x\":\"x\",\n",
       "\"y\":\"y\"\n",
       "},\n",
       "\"coord\":{\n",
       "\"name\":\"fixed\",\n",
       "\"flip\":false\n",
       "},\n",
       "\"data\":{\n",
       "\"x\":[-10.0,-9.0,-8.0,-7.0,-6.0,-5.0,-4.0,-3.0,-2.0,-1.0,0.0,1.0,2.0,3.0,4.0,5.0,6.0,7.0,8.0,9.0,10.0,-10.0,-9.0,-8.0,-7.0,-6.0,-5.0,-4.0,-3.0,-2.0,-1.0,0.0,1.0,2.0,3.0,4.0,5.0,6.0,7.0,8.0,9.0,10.0,-10.0,-9.0,-8.0,-7.0,-6.0,-5.0,-4.0,-3.0,-2.0,-1.0,0.0,1.0,2.0,3.0,4.0,5.0,6.0,7.0,8.0,9.0,10.0,-10.0,-9.0,-8.0,-7.0,-6.0,-5.0,-4.0,-3.0,-2.0,-1.0,0.0,1.0,2.0,3.0,4.0,5.0,6.0,7.0,8.0,9.0,10.0,-10.0,-9.0,-8.0,-7.0,-6.0,-5.0,-4.0,-3.0,-2.0,-1.0,0.0,1.0,2.0,3.0,4.0,5.0,6.0,7.0,8.0,9.0,10.0,-10.0,-9.0,-8.0,-7.0,-6.0,-5.0,-4.0,-3.0,-2.0,-1.0,0.0,1.0,2.0,3.0,4.0,5.0,6.0,7.0,8.0,9.0,10.0,-10.0,-9.0,-8.0,-7.0,-6.0,-5.0,-4.0,-3.0,-2.0,-1.0,0.0,1.0,2.0,3.0,4.0,5.0,6.0,7.0,8.0,9.0,10.0,-10.0,-9.0,-8.0,-7.0,-6.0,-5.0,-4.0,-3.0,-2.0,-1.0,0.0,1.0,2.0,3.0,4.0,5.0,6.0,7.0,8.0,9.0,10.0,-10.0,-9.0,-8.0,-7.0,-6.0,-5.0,-4.0,-3.0,-2.0,-1.0,0.0,1.0,2.0,3.0,4.0,5.0,6.0,7.0,8.0,9.0,10.0,-10.0,-9.0,-8.0,-7.0,-6.0,-5.0,-4.0,-3.0,-2.0,-1.0,0.0,1.0,2.0,3.0,4.0,5.0,6.0,7.0,8.0,9.0,10.0,-10.0,-9.0,-8.0,-7.0,-6.0,-5.0,-4.0,-3.0,-2.0,-1.0,0.0,1.0,2.0,3.0,4.0,5.0,6.0,7.0,8.0,9.0,10.0,-10.0,-9.0,-8.0,-7.0,-6.0,-5.0,-4.0,-3.0,-2.0,-1.0,0.0,1.0,2.0,3.0,4.0,5.0,6.0,7.0,8.0,9.0,10.0,-10.0,-9.0,-8.0,-7.0,-6.0,-5.0,-4.0,-3.0,-2.0,-1.0,0.0,1.0,2.0,3.0,4.0,5.0,6.0,7.0,8.0,9.0,10.0,-10.0,-9.0,-8.0,-7.0,-6.0,-5.0,-4.0,-3.0,-2.0,-1.0,0.0,1.0,2.0,3.0,4.0,5.0,6.0,7.0,8.0,9.0,10.0,-10.0,-9.0,-8.0,-7.0,-6.0,-5.0,-4.0,-3.0,-2.0,-1.0,0.0,1.0,2.0,3.0,4.0,5.0,6.0,7.0,8.0,9.0,10.0,-10.0,-9.0,-8.0,-7.0,-6.0,-5.0,-4.0,-3.0,-2.0,-1.0,0.0,1.0,2.0,3.0,4.0,5.0,6.0,7.0,8.0,9.0,10.0,-10.0,-9.0,-8.0,-7.0,-6.0,-5.0,-4.0,-3.0,-2.0,-1.0,0.0,1.0,2.0,3.0,4.0,5.0,6.0,7.0,8.0,9.0,10.0,-10.0,-9.0,-8.0,-7.0,-6.0,-5.0,-4.0,-3.0,-2.0,-1.0,0.0,1.0,2.0,3.0,4.0,5.0,6.0,7.0,8.0,9.0,10.0,-10.0,-9.0,-8.0,-7.0,-6.0,-5.0,-4.0,-3.0,-2.0,-1.0,0.0,1.0,2.0,3.0,4.0,5.0,6.0,7.0,8.0,9.0,10.0,-10.0,-9.0,-8.0,-7.0,-6.0,-5.0,-4.0,-3.0,-2.0,-1.0,0.0,1.0,2.0,3.0,4.0,5.0,6.0,7.0,8.0,9.0,10.0,-10.0,-9.0,-8.0,-7.0,-6.0,-5.0,-4.0,-3.0,-2.0,-1.0,0.0,1.0,2.0,3.0,4.0,5.0,6.0,7.0,8.0,9.0,10.0],\n",
       "\"y\":[-10.0,-10.0,-10.0,-10.0,-10.0,-10.0,-10.0,-10.0,-10.0,-10.0,-10.0,-10.0,-10.0,-10.0,-10.0,-10.0,-10.0,-10.0,-10.0,-10.0,-10.0,-9.0,-9.0,-9.0,-9.0,-9.0,-9.0,-9.0,-9.0,-9.0,-9.0,-9.0,-9.0,-9.0,-9.0,-9.0,-9.0,-9.0,-9.0,-9.0,-9.0,-9.0,-8.0,-8.0,-8.0,-8.0,-8.0,-8.0,-8.0,-8.0,-8.0,-8.0,-8.0,-8.0,-8.0,-8.0,-8.0,-8.0,-8.0,-8.0,-8.0,-8.0,-8.0,-7.0,-7.0,-7.0,-7.0,-7.0,-7.0,-7.0,-7.0,-7.0,-7.0,-7.0,-7.0,-7.0,-7.0,-7.0,-7.0,-7.0,-7.0,-7.0,-7.0,-7.0,-6.0,-6.0,-6.0,-6.0,-6.0,-6.0,-6.0,-6.0,-6.0,-6.0,-6.0,-6.0,-6.0,-6.0,-6.0,-6.0,-6.0,-6.0,-6.0,-6.0,-6.0,-5.0,-5.0,-5.0,-5.0,-5.0,-5.0,-5.0,-5.0,-5.0,-5.0,-5.0,-5.0,-5.0,-5.0,-5.0,-5.0,-5.0,-5.0,-5.0,-5.0,-5.0,-4.0,-4.0,-4.0,-4.0,-4.0,-4.0,-4.0,-4.0,-4.0,-4.0,-4.0,-4.0,-4.0,-4.0,-4.0,-4.0,-4.0,-4.0,-4.0,-4.0,-4.0,-3.0,-3.0,-3.0,-3.0,-3.0,-3.0,-3.0,-3.0,-3.0,-3.0,-3.0,-3.0,-3.0,-3.0,-3.0,-3.0,-3.0,-3.0,-3.0,-3.0,-3.0,-2.0,-2.0,-2.0,-2.0,-2.0,-2.0,-2.0,-2.0,-2.0,-2.0,-2.0,-2.0,-2.0,-2.0,-2.0,-2.0,-2.0,-2.0,-2.0,-2.0,-2.0,-1.0,-1.0,-1.0,-1.0,-1.0,-1.0,-1.0,-1.0,-1.0,-1.0,-1.0,-1.0,-1.0,-1.0,-1.0,-1.0,-1.0,-1.0,-1.0,-1.0,-1.0,0.0,0.0,0.0,0.0,0.0,0.0,0.0,0.0,0.0,0.0,0.0,0.0,0.0,0.0,0.0,0.0,0.0,0.0,0.0,0.0,0.0,1.0,1.0,1.0,1.0,1.0,1.0,1.0,1.0,1.0,1.0,1.0,1.0,1.0,1.0,1.0,1.0,1.0,1.0,1.0,1.0,1.0,2.0,2.0,2.0,2.0,2.0,2.0,2.0,2.0,2.0,2.0,2.0,2.0,2.0,2.0,2.0,2.0,2.0,2.0,2.0,2.0,2.0,3.0,3.0,3.0,3.0,3.0,3.0,3.0,3.0,3.0,3.0,3.0,3.0,3.0,3.0,3.0,3.0,3.0,3.0,3.0,3.0,3.0,4.0,4.0,4.0,4.0,4.0,4.0,4.0,4.0,4.0,4.0,4.0,4.0,4.0,4.0,4.0,4.0,4.0,4.0,4.0,4.0,4.0,5.0,5.0,5.0,5.0,5.0,5.0,5.0,5.0,5.0,5.0,5.0,5.0,5.0,5.0,5.0,5.0,5.0,5.0,5.0,5.0,5.0,6.0,6.0,6.0,6.0,6.0,6.0,6.0,6.0,6.0,6.0,6.0,6.0,6.0,6.0,6.0,6.0,6.0,6.0,6.0,6.0,6.0,7.0,7.0,7.0,7.0,7.0,7.0,7.0,7.0,7.0,7.0,7.0,7.0,7.0,7.0,7.0,7.0,7.0,7.0,7.0,7.0,7.0,8.0,8.0,8.0,8.0,8.0,8.0,8.0,8.0,8.0,8.0,8.0,8.0,8.0,8.0,8.0,8.0,8.0,8.0,8.0,8.0,8.0,9.0,9.0,9.0,9.0,9.0,9.0,9.0,9.0,9.0,9.0,9.0,9.0,9.0,9.0,9.0,9.0,9.0,9.0,9.0,9.0,9.0,10.0,10.0,10.0,10.0,10.0,10.0,10.0,10.0,10.0,10.0,10.0,10.0,10.0,10.0,10.0,10.0,10.0,10.0,10.0,10.0,10.0],\n",
       "\"angle\":[-76.96902001294994,-69.11503837897546,-61.261056745000964,-53.40707511102648,-45.553093477051995,-37.69911184307752,-29.845130209103033,-21.99114857512855,-14.137166941154069,-6.283185307179586,1.5707963267948966,9.42477796076938,17.27875959474386,25.132741228718345,32.98672286269283,40.840704496667314,48.69468613064179,56.548667764616276,64.40264939859075,72.25663103256524,80.11061266653972,-69.11503837897546,-62.04645490839841,-54.97787143782138,-47.909287967244346,-40.84070449666731,-33.772121026090275,-26.703537555513243,-19.634954084936204,-12.566370614359172,-5.497787143782138,1.5707963267948966,8.63937979737193,15.707963267948966,22.776546738526,29.845130209103033,36.91371367968007,43.982297150257104,51.05088062083414,58.119464091411174,65.1880475619882,72.25663103256524,-61.261056745000964,-54.97787143782138,-48.69468613064179,-42.411500823462205,-36.12831551628262,-29.845130209103033,-23.561944901923447,-17.27875959474386,-10.995574287564276,-4.71238898038469,1.5707963267948966,7.853981633974483,14.137166941154069,20.420352248333657,26.703537555513243,32.98672286269283,39.269908169872416,45.553093477052,51.83627878423159,58.119464091411174,64.40264939859075,-53.40707511102648,-47.909287967244346,-42.411500823462205,-36.913713679680065,-31.41592653589793,-25.91813939211579,-20.420352248333657,-14.922565104551518,-9.42477796076938,-3.9269908169872414,1.5707963267948966,7.0685834705770345,12.566370614359172,18.064157758141313,23.561944901923447,29.059732045705587,34.55751918948773,40.05530633326986,45.553093477052,51.05088062083414,56.548667764616276,-45.553093477051995,-40.84070449666731,-36.12831551628262,-31.41592653589793,-26.703537555513243,-21.99114857512855,-17.27875959474386,-12.566370614359172,-7.853981633974483,-3.141592653589793,1.5707963267948966,6.283185307179586,10.995574287564276,15.707963267948966,20.420352248333657,25.132741228718345,29.845130209103033,34.55751918948773,39.269908169872416,43.982297150257104,48.69468613064179,-37.69911184307752,-33.772121026090275,-29.845130209103033,-25.91813939211579,-21.99114857512855,-18.064157758141313,-14.137166941154069,-10.210176124166827,-6.283185307179586,-2.356194490192345,1.5707963267948966,5.497787143782138,9.42477796076938,13.35176877775662,17.27875959474386,21.205750411731103,25.132741228718345,29.059732045705587,32.98672286269283,36.91371367968007,40.840704496667314,-29.845130209103033,-26.703537555513243,-23.561944901923447,-20.420352248333657,-17.27875959474386,-14.137166941154069,-10.995574287564276,-7.853981633974483,-4.71238898038469,-1.5707963267948966,1.5707963267948966,4.71238898038469,7.853981633974483,10.995574287564276,14.137166941154069,17.27875959474386,20.420352248333657,23.561944901923447,26.703537555513243,29.845130209103033,32.98672286269283,-21.99114857512855,-19.634954084936204,-17.27875959474386,-14.922565104551518,-12.566370614359172,-10.210176124166827,-7.853981633974483,-5.497787143782138,-3.141592653589793,-0.7853981633974483,1.5707963267948966,3.9269908169872414,6.283185307179586,8.63937979737193,10.995574287564276,13.35176877775662,15.707963267948966,18.064157758141313,20.420352248333657,22.776546738526,25.132741228718345,-14.137166941154069,-12.566370614359172,-10.995574287564276,-9.42477796076938,-7.853981633974483,-6.283185307179586,-4.71238898038469,-3.141592653589793,-1.5707963267948966,0.0,1.5707963267948966,3.141592653589793,4.71238898038469,6.283185307179586,7.853981633974483,9.42477796076938,10.995574287564276,12.566370614359172,14.137166941154069,15.707963267948966,17.27875959474386,-6.283185307179586,-5.497787143782138,-4.71238898038469,-3.9269908169872414,-3.141592653589793,-2.356194490192345,-1.5707963267948966,-0.7853981633974483,0.0,0.7853981633974483,1.5707963267948966,2.356194490192345,3.141592653589793,3.9269908169872414,4.71238898038469,5.497787143782138,6.283185307179586,7.0685834705770345,7.853981633974483,8.63937979737193,9.42477796076938,1.5707963267948966,1.5707963267948966,1.5707963267948966,1.5707963267948966,1.5707963267948966,1.5707963267948966,1.5707963267948966,1.5707963267948966,1.5707963267948966,1.5707963267948966,1.5707963267948966,1.5707963267948966,1.5707963267948966,1.5707963267948966,1.5707963267948966,1.5707963267948966,1.5707963267948966,1.5707963267948966,1.5707963267948966,1.5707963267948966,1.5707963267948966,9.42477796076938,8.63937979737193,7.853981633974483,7.0685834705770345,6.283185307179586,5.497787143782138,4.71238898038469,3.9269908169872414,3.141592653589793,2.356194490192345,1.5707963267948966,0.7853981633974483,0.0,-0.7853981633974483,-1.5707963267948966,-2.356194490192345,-3.141592653589793,-3.9269908169872414,-4.71238898038469,-5.497787143782138,-6.283185307179586,17.27875959474386,15.707963267948966,14.137166941154069,12.566370614359172,10.995574287564276,9.42477796076938,7.853981633974483,6.283185307179586,4.71238898038469,3.141592653589793,1.5707963267948966,0.0,-1.5707963267948966,-3.141592653589793,-4.71238898038469,-6.283185307179586,-7.853981633974483,-9.42477796076938,-10.995574287564276,-12.566370614359172,-14.137166941154069,25.132741228718345,22.776546738526,20.420352248333657,18.064157758141313,15.707963267948966,13.35176877775662,10.995574287564276,8.63937979737193,6.283185307179586,3.9269908169872414,1.5707963267948966,-0.7853981633974483,-3.141592653589793,-5.497787143782138,-7.853981633974483,-10.210176124166827,-12.566370614359172,-14.922565104551518,-17.27875959474386,-19.634954084936204,-21.99114857512855,32.98672286269283,29.845130209103033,26.703537555513243,23.561944901923447,20.420352248333657,17.27875959474386,14.137166941154069,10.995574287564276,7.853981633974483,4.71238898038469,1.5707963267948966,-1.5707963267948966,-4.71238898038469,-7.853981633974483,-10.995574287564276,-14.137166941154069,-17.27875959474386,-20.420352248333657,-23.561944901923447,-26.703537555513243,-29.845130209103033,40.840704496667314,36.91371367968007,32.98672286269283,29.059732045705587,25.132741228718345,21.205750411731103,17.27875959474386,13.35176877775662,9.42477796076938,5.497787143782138,1.5707963267948966,-2.356194490192345,-6.283185307179586,-10.210176124166827,-14.137166941154069,-18.064157758141313,-21.99114857512855,-25.91813939211579,-29.845130209103033,-33.772121026090275,-37.69911184307752,48.69468613064179,43.982297150257104,39.269908169872416,34.55751918948773,29.845130209103033,25.132741228718345,20.420352248333657,15.707963267948966,10.995574287564276,6.283185307179586,1.5707963267948966,-3.141592653589793,-7.853981633974483,-12.566370614359172,-17.27875959474386,-21.99114857512855,-26.703537555513243,-31.41592653589793,-36.12831551628262,-40.84070449666731,-45.553093477051995,56.548667764616276,51.05088062083414,45.553093477052,40.05530633326986,34.55751918948773,29.059732045705587,23.561944901923447,18.064157758141313,12.566370614359172,7.0685834705770345,1.5707963267948966,-3.9269908169872414,-9.42477796076938,-14.922565104551518,-20.420352248333657,-25.91813939211579,-31.41592653589793,-36.913713679680065,-42.411500823462205,-47.909287967244346,-53.40707511102648,64.40264939859075,58.119464091411174,51.83627878423159,45.553093477052,39.269908169872416,32.98672286269283,26.703537555513243,20.420352248333657,14.137166941154069,7.853981633974483,1.5707963267948966,-4.71238898038469,-10.995574287564276,-17.27875959474386,-23.561944901923447,-29.845130209103033,-36.12831551628262,-42.411500823462205,-48.69468613064179,-54.97787143782138,-61.261056745000964,72.25663103256524,65.1880475619882,58.119464091411174,51.05088062083414,43.982297150257104,36.91371367968007,29.845130209103033,22.776546738526,15.707963267948966,8.63937979737193,1.5707963267948966,-5.497787143782138,-12.566370614359172,-19.634954084936204,-26.703537555513243,-33.772121026090275,-40.84070449666731,-47.909287967244346,-54.97787143782138,-62.04645490839841,-69.11503837897546,80.11061266653972,72.25663103256524,64.40264939859075,56.548667764616276,48.69468613064179,40.840704496667314,32.98672286269283,25.132741228718345,17.27875959474386,9.42477796076938,1.5707963267948966,-6.283185307179586,-14.137166941154069,-21.99114857512855,-29.845130209103033,-37.69911184307752,-45.553093477051995,-53.40707511102648,-61.261056745000964,-69.11503837897546,-76.96902001294994],\n",
       "\"z\":[1.2551317806850089,-0.625819609085359,-0.8987615577260697,1.229968441980967,-0.8523777514032926,2.268365199283566,-0.218778327375245,-0.18014409717946747,-0.22083925136676788,-1.9519334265858888,0.39951790690980454,0.7529062829085963,0.07471987598158923,-0.6484395983351361,0.6159109942940629,0.21333479140778885,-1.9596423825029858,0.7411278113138984,0.09852333003615035,0.18099621323372608,0.3625710135286936,0.8051374531757884,-0.23665736403068666,1.9483964261447235,-1.0667366424329123,-0.2836167513022599,0.9762096416135526,-0.4445145745849756,1.0970077310504975,1.4959416341183858,-0.9857223921613895,0.12599322179730746,-0.7055358728326393,0.4314347374325512,-0.396167272910746,0.7654179221026876,1.369272416423882,-0.5823320270059738,0.08074245370546893,-0.478816867472532,-0.024614704323175144,0.4014764647585372,-1.6023618955866616,0.19482786726234191,0.4090167611824362,0.4954448695299816,0.36384774242723905,-1.74236869134881,0.347164946775255,-0.6814436379040393,-1.2552368830186573,0.10079113448730381,-0.794781166308543,1.859316508890808,1.6396437118278795,1.6125644503711463,0.007861990251676151,1.6401026796471618,0.1448964937829174,0.7169457964158191,-0.11082642733677832,0.4009724247399523,-1.5059806154823194,1.0682578137393737,-1.103794593310718,-0.47414956137057457,-2.1161013061449694,-0.8256826668203179,0.00569238655677494,-0.9916032858865913,0.5365775578773486,0.07750814960946315,0.9996200183311403,-0.7548937436044406,0.6836800961607933,-1.3056956153060246,-1.0986040565738169,0.7813923117319456,1.424318295846985,-0.9175786500840003,-0.6066744829481774,-1.1289562774891082,0.9370635935673345,-0.08631320563581898,1.8043578742802615,-1.3865454418164949,1.0270602947828344,0.4386771937293465,0.9365780398422557,-0.09776812882320748,-0.06936354589957225,0.9554180607632954,-0.3284140623924842,1.7286745207390661,-0.14947253478005507,0.6592614018845221,1.03269164035714,0.03743596275507728,-0.7688700187215388,1.5848555041577,-0.23603013008134383,1.232830029381129,1.4036462880359288,-1.1888464433485135,0.7008764490095475,-1.115870852734112,-0.02978975919210299,-0.1682987703733078,-0.15776524651743595,2.023038563710854,-0.5557070476019534,1.326773506976798,1.6694822418143351,-0.974990553488407,-1.5533629180395876,-0.5377650023123065,-0.015328721321072623,0.8933135420321027,1.3515026236262901,0.4888555113741577,-0.5667893615551068,-1.944810804799465,-0.5465347488884589,-0.6563935352954352,0.22951147154130455,-0.4522358815472661,0.3141211977959761,0.3380078752185468,0.5339759138005624,-1.3833253335602635,0.04793781160853617,1.0421433400702307,1.7083173078127163,-0.3242231128723354,-0.4444786661056169,1.194219925871254,-1.7064474831059318,-0.34657079106541355,-0.5154223110907642,1.9752344655075589,0.9596085711473814,-1.6400539695920557,-0.26237234587080577,1.7778294576428408,0.6162849431030424,0.3922981894672051,0.00887106557716809,0.18235374365966822,-1.3752765082002456,0.09491224846987183,-0.3843616881694257,0.6255988947083118,0.08427102240955345,-0.24287708143552542,0.533267359617994,-0.8521676761477783,0.06362438181449877,-0.04759660280535205,-1.2408406636900045,-0.6531994216793964,0.7865403358879766,-1.5370848941430721,-0.21017725994754966,-0.3810236891941407,-2.5277307538196143,-2.132529915587751,-0.42111102089500074,0.3837653441766789,1.1034581069273632,-0.030323739197412772,-1.3314122660063754,1.0578436367945219,-0.8342579408511859,-0.6771421604565611,1.3927673900215387,-0.15167166718217487,0.33996968650558124,-0.2597316859082637,1.4894615673659792,1.4572960562742534,0.5857875886457794,-0.4457200763239715,0.09275735458214747,-1.4219164945706513,-0.5535757137005591,1.4490659999735702,-0.3163954361443647,-0.6572155992084882,0.4547046373458499,0.0527131081536782,0.9929396185282147,-1.2134599371547865,-0.42842342266833017,-2.3809733638553428,0.6041664085265221,-0.8599459343565949,-0.4294181057045523,-0.9205453020980127,1.7072371725586803,-0.26610158887660734,-1.0711268908794227,-0.3533179447413407,1.2489634333273478,0.38637266825144584,0.38075890477989216,-0.7740708655497719,0.09256585408977451,-0.4542745242519,1.1986664640869193,-1.0172548876632244,0.14345055932557377,0.046752662442437164,0.42523815105609053,0.2947272945165714,-0.2655902057074403,1.11542059638903,0.8274989968654589,1.2156466296272588,1.4226631416655195,0.33875413231575124,2.550394586657123,-0.3601885788926436,0.4461122550446978,0.3099061914446113,0.8894188224527905,0.049356108014790075,0.42429047215813914,0.8982388121277026,0.30248051231438544,0.652950087190421,-2.3219016128631624,0.9210560947350311,-1.5868100634273714,0.42157332146714754,1.8825599346966646,-0.9165506975019176,1.618255477109643,-0.25724262846846857,-1.8562820881253659,0.5201893678589616,0.005579612974193949,1.8504009660908882,0.8908935620331635,0.21116618605022294,1.4458595279857946,0.2930212587401392,-1.8989481436958413,0.7989427862700818,-0.2047864383604882,0.2345341976538603,-0.025422714495891563,-1.1896324680909753,1.723977312494262,0.0030840846964866444,0.6628908294566722,0.16036239872605532,0.5932503939507542,-0.30280572096381064,1.4564001164104112,-1.5189412006847758,0.5339807236699715,0.8498564594635104,1.2394857703265671,-2.0630458971984207,1.2479805713624395,-0.7217691795600713,2.0832059623554064,-0.10401241578855311,-1.7869819054715295,0.5824171284534896,-0.5573154579952848,-1.149718634409685,-0.49051640097095917,-0.9208489488321255,0.32819734244148285,0.8433786228452184,0.6019479318865766,-0.11993279784803237,-0.7120053318274469,-0.7599167334896914,-0.04608615615339786,-0.9222924044180064,2.5657003911477303,0.417026755873237,1.3430636399018296,0.22026227183869002,0.680166253778495,0.3761985644686537,-0.852031532854516,-1.2683766583870482,-0.997394968269431,0.10506419413882026,-1.3459783003993464,-1.9823060827362369,-1.1973099111774816,-0.019946190033598474,0.9682657278945813,-0.032302742126794216,-0.1512063565504752,0.13191300671400383,-0.5355293556509464,-0.436857429432461,-0.5416852292662272,1.0482443783456679,1.1626888438823437,0.43428032460866756,-1.181861868850662,0.8402312793110989,1.164607728139608,-0.22825717074290763,-0.2607483096053859,-0.6487712722443696,0.8101975570596539,-0.957644096707262,-0.8764198664043197,-0.8791648658770445,0.6903793606199012,0.4549449592723632,-1.3059167264842284,1.0017788736069577,0.4468736545100204,-1.1724888917061373,-0.7660004194039391,0.5415278784914581,-0.6159449997814498,-0.8320784052800383,-0.6354462548291879,-1.703427759491688,-0.22117409840593114,1.0110537359129326,1.386544079705751,-1.7024310189334917,-2.162476850477571,-0.5037390629211645,-0.39304989901507825,-1.1151414623626161,-1.0460619539027034,0.8310702505894927,0.39921224379221587,-1.4585892691505153,-1.3999643401087225,-0.44325429569315034,-0.010346723292964826,-0.5768625169211495,-1.2890626170474555,1.610689151196013,-0.8977446211276832,-2.302369098443309,0.3274053564002691,0.2359736815938541,0.2610708683454804,-0.040634118654283465,0.0947818134071034,-1.8770637303969742,1.6870841267027437,0.28266793586047323,-0.906985873043022,0.0644713751659408,0.05389744442489795,0.6993997019775305,1.7408853871785737,-0.5902977187859044,1.3882345746061298,1.1685614991720625,-0.3456946988057379,1.336221175747312,-0.06776049274375757,-0.8414324398604031,-1.003069171475265,0.619696327333689,2.4803207596370065,0.20179776394387622,-0.28805018249736547,-0.4000215399300301,-2.0046685687361507,0.7282800196028844,-0.2830221202054539,-0.4080972553253202,0.04027205379145288,1.9231466537589392,-1.2640966008527772,0.4617456344414244,-1.4395880723133223,0.19596486975052518,1.1582036464896512,1.4069482119462586,-1.3644387815569736,0.7739051531478531,-0.4954983710926025,0.9991095220495072,-0.567643537191787,2.2670341398133513,0.2355411518190257,0.5200639553595623,0.6669759420038021,0.1722357229291284,0.3404926272846918,-0.7527588816435652,1.5570799610180985,-0.020369263997951546,1.4063260217688696,-1.0659292209740285,0.13141876691376214,-1.25771609405085,1.459022815614307,-0.9506061725580656,0.07928568586470311,1.0590127446219249,-0.6277937151062943,-0.6514758330560887,0.9563721534224623,-1.1967033361094834,1.4387911236744066,-0.39435231168995627,0.7272235231856651,-0.2940361876435285,1.7547944436091232,0.2678898183143273,0.9585120219345249,-0.5804790040726414,-0.476491482862217,0.8393922552684056,-0.5672070426281065,-0.4127553991099117,0.09431830051910206,0.26306521669426086,-0.23177735073481961,1.0299127229011944,-1.1470861004220556,1.2725549865251957,-0.9431219003308894,-0.0927894714237071,0.6479809187277534,-1.350320079201011,-0.1456733046300006,0.2082689541337702,-0.10583882761517555,-0.9311893095816154,-1.1024041759591396,-0.2813436848367529,1.6384359499338625]\n",
       "},\n",
       "\"kind\":\"plot\",\n",
       "\"scales\":[],\n",
       "\"layers\":[{\n",
       "\"mapping\":{\n",
       "},\n",
       "\"stat\":\"identity\",\n",
       "\"size\":1.5,\n",
       "\"position\":\"identity\",\n",
       "\"geom\":\"point\",\n",
       "\"data\":{\n",
       "}\n",
       "},{\n",
